===============================================================================
 Language            Files        Lines         Code     Comments       Blanks
===============================================================================
 BASH                    6          929          603          137          189
 CSS                    12          946          827           13          106
 INI                     1          112           36           53           23
 JSON                   25           25           25            0            0
 Python                 62         1967         1518           75          374
 Sass                   12         1124          912           33          179
 SQL                     2          295          188           40           67
 Plain Text             38         5156            0         5156            0
 TOML                    1           45           42            0            3
-------------------------------------------------------------------------------
 HTML                   31         1105         1000            5          100
 |- JavaScript           2            9            6            3            0
 (Total)                           1114         1006            8          100
-------------------------------------------------------------------------------
 Markdown                7         1029            0          760          269
 |- BASH                 1            2            2            0            0
 (Total)                           1031            2          760          269
===============================================================================
 Total                 197        12733         5151         6272         1310
===============================================================================
