===============================================================================
 Language            Files        Lines         Code     Comments       Blanks
===============================================================================
 BASH                    7         1091          718          158          215
 CSS                    12          946          827           13          106
 INI                     1          112           36           53           23
 JSON                   35           35           35            0            0
 Python                 66         2409         1868           86          455
 Sass                   12         1029          842           33          154
 SQL                     2          288          188           40           60
 Plain Text             54         7949            0         7949            0
 TOML                    1          149          114           15           20
-------------------------------------------------------------------------------
 HTML                   31         1104         1000            5           99
 |- JavaScript           2            9            6            3            0
 (Total)                           1113         1006            8           99
-------------------------------------------------------------------------------
 Markdown                6         1048            0          753          295
 |- BASH                 2           36           22           10            4
 |- YAML                 1            5            4            1            0
 (Total)                           1089           26          764          299
===============================================================================
 Total                 227        16160         5628         9105         1427
===============================================================================
