===============================================================================
 Language            Files        Lines         Code     Comments       Blanks
===============================================================================
 BASH                    6          931          605          137          189
 CSS                    12          946          827           13          106
 INI                     1          112           36           53           23
 JSON                   27           27           27            0            0
 Python                 63         2222         1750           82          390
 Sass                   12         1124          912           33          179
 SQL                     2          295          188           40           67
 Plain Text             41         5778            0         5778            0
 TOML                    1           45           42            0            3
-------------------------------------------------------------------------------
 HTML                   31         1105         1000            5          100
 |- JavaScript           2            9            6            3            0
 (Total)                           1114         1006            8          100
-------------------------------------------------------------------------------
 Markdown                6         1015            0          753          262
 |- BASH                 1            2            2            0            0
 (Total)                           1017            2          753          262
===============================================================================
 Total                 202        13600         5387         6894         1319
===============================================================================
