===============================================================================
 Language            Files        Lines         Code     Comments       Blanks
===============================================================================
 CSS                    11          992          846           20          126
 INI                     1          106           31           53           22
 JSON                    2            2            2            0            0
 Python                 57         1870         1422           97          351
 Sass                   11         1108          899           33          176
 Shell                   4          182           73           56           53
 SQL                     1           51           27           17            7
 Plain Text              3          116            0          116            0
 TOML                    1           45           42            0            3
-------------------------------------------------------------------------------
 HTML                   29         1057          959            4           94
 |- JavaScript           2            9            6            3            0
 (Total)                           1066          965            7           94
-------------------------------------------------------------------------------
 Jupyter Notebooks       3            0            0            0            0
 |- Markdown             2            4            0            4            0
 |- Python               3          442          363           36           43
 (Total)                            446          363           40           43
-------------------------------------------------------------------------------
 Markdown                9          858            0          641          217
 |- Python               1           26           18            0            8
 (Total)                            884           18          641          225
===============================================================================
 Total                 132         6387         4301         1037         1049
===============================================================================
