===============================================================================
 Language            Files        Lines         Code     Comments       Blanks
===============================================================================
 BASH                    6          936          605          141          190
 CSS                    12          946          827           13          106
 INI                     1          112           36           53           23
 JSON                   30           30           30            0            0
 Python                 63         2223         1751           82          390
 Sass                   12         1124          912           33          179
 SQL                     2          295          188           40           67
 Plain Text             44         5840            0         5840            0
 TOML                    1           45           42            0            3
-------------------------------------------------------------------------------
 HTML                   31         1105         1000            5          100
 |- JavaScript           2            9            6            3            0
 (Total)                           1114         1006            8          100
-------------------------------------------------------------------------------
 Markdown                6         1015            0          753          262
 |- BASH                 1            2            2            0            0
 (Total)                           1017            2          753          262
===============================================================================
 Total                 208        13671         5391         6960         1320
===============================================================================
