===============================================================================
 Language            Files        Lines         Code     Comments       Blanks
===============================================================================
 BASH                    7         1089          718          157          214
 CSS                    12          946          827           13          106
 INI                     1          112           36           53           23
 JSON                   33           33           33            0            0
 Python                 63         2178         1680           85          413
 Sass                   12         1029          842           33          154
 SQL                     2          288          188           40           60
 Plain Text             50         7070            0         7070            0
 TOML                    1           76           70            0            6
-------------------------------------------------------------------------------
 HTML                   31         1104         1000            5           99
 |- JavaScript           2            9            6            3            0
 (Total)                           1113         1006            8           99
-------------------------------------------------------------------------------
 Markdown                6         1015            0          732          283
 |- BASH                 1           19           10            5            4
 (Total)                           1034           10          737          287
===============================================================================
 Total                 218        14940         5394         8188         1358
===============================================================================
