===============================================================================
 Language            Files        Lines         Code     Comments       Blanks
===============================================================================
 CSS                    11          992          846           20          126
 INI                     1          106           31           53           22
 JSON                   21           21           21            0            0
 Markdown                6          840            0          612          228
 Python                 59         1850         1428           85          337
 Sass                   11         1108          899           33          176
 Shell                   5          692          506           79          107
 SQL                     2          295          188           40           67
 Plain Text             33         4775            0         4775            0
 TOML                    1           44           41            0            3
-------------------------------------------------------------------------------
 HTML                   29         1060          962            4           94
 |- JavaScript           2            9            6            3            0
 (Total)                           1069          968            7           94
===============================================================================
 Total                 179        11783         4922         5701         1160
===============================================================================
