===============================================================================
 Language            Files        Lines         Code     Comments       Blanks
===============================================================================
 CSS                    11          992          846           20          126
 INI                     1          106           31           53           22
 JSON                   24           24           24            0            0
 Markdown                6          840            0          612          228
 Python                 59         1850         1428           85          337
 Sass                   11         1108          899           33          176
 Shell                   5          693          502           84          107
 SQL                     2          295          188           40           67
 Plain Text             37         5340            0         5340            0
 TOML                    1           44           41            0            3
-------------------------------------------------------------------------------
 HTML                   29         1060          962            4           94
 |- JavaScript           2            9            6            3            0
 (Total)                           1069          968            7           94
===============================================================================
 Total                 186        12352         4921         6271         1160
===============================================================================
