===============================================================================
 Language            Files        Lines         Code     Comments       Blanks
===============================================================================
 CSS                    11          992          846           20          126
 INI                     1          106           31           53           22
 JSON                    7            7            7            0            0
 Markdown                9          948            0          700          248
 Python                 59         1820         1384           89          347
 Sass                   11         1108          899           33          176
 Shell                   6          250           93           91           66
 SQL                     2          295          188           40           67
 Plain Text             11          562            0          562            0
 TOML                    1           45           42            0            3
-------------------------------------------------------------------------------
 HTML                   29         1057          959            4           94
 |- JavaScript           2            9            6            3            0
 (Total)                           1066          965            7           94
-------------------------------------------------------------------------------
 Jupyter Notebooks       3            0            0            0            0
 |- Markdown             3            5            0            5            0
 |- Python               3          393          319           35           39
 (Total)                            398          319           40           39
===============================================================================
 Total                 150         7190         4449         1592         1149
===============================================================================
