===============================================================================
 Language            Files        Lines         Code     Comments       Blanks
===============================================================================
 CSS                    11          992          846           20          126
 INI                     1          106           31           53           22
 JSON                   13           13           13            0            0
 Markdown                6          837            0          609          228
 Python                 59         1850         1428           85          337
 Sass                   11         1108          899           33          176
 Shell                   5          688          503           78          107
 SQL                     2          295          188           40           67
 Plain Text             21         2537            0         2537            0
 TOML                    1           46           42            0            4
-------------------------------------------------------------------------------
 HTML                   29         1060          962            4           94
 |- JavaScript           2            9            6            3            0
 (Total)                           1069          968            7           94
===============================================================================
 Total                 159         9532         4912         3459         1161
===============================================================================
